0 0 10e-3
0 0
0 0
0 0
0 0
0 0
0 0
0 0
0 0
0 0
0 0
0 0
0 0
0 0
0 0
0 0
0 0
0 0
0 0
0 0
0 0
0 0
0 0
0 0
0 0
0 0
0 0
0 0
0 0
0 0
0 0
0 0
0 0
0 0
0 0
0 0
0 0
0 0
0 0
0 0
0 0
0 0
0 0
0 0
0 0
0 0
0 0
0 0
0 0
0 0
0 0
0 0
0 0
0 0
0 0
0 0
0 0
0 0
0 0
0 0
0 1
0 0
0 0
0 0
0 0
0 0
0 0
0 0
0 0
0 0
0 0
0 0
0 0
0 0
0 0
0 0
0 0
0 0
0 0
0 0
0 0
0 0
0 0
0 0
0 0
0 0
0 0
0 0
0 0
0 0
0 0
0 0
0 0
0 0
0 0
0 0
0 0
0 0
0 0
0 0
0 0
0 0
0 0
0 0
0 0
0 0
0 0
0 0
0 0
0 0
0 0
0 0
0 0
0 0
0 0
0 0
0 0
0 0
0 0
0 0
0 0
0 0
0 0
0 0
0 0
0 0
0 0
0 0
0 0
0 0
0 0
0 0
0 0
0 0
0 0
0 0
0 0
0 0
0 0
0 0
0 0
0 0
0 0
0 0
0 0
0 0
0 0
0 0
0 0
0 0
0 0
0 0
0 0
0 0
0 0
0 0
0 0
0 0
0 0
0 0
0 1
0 0
0 0
0 0
0 0
0 0
0 0
0 0
0 0
0 0
0 0
0 0
0 0
0 0
0 0
0 0
0 0
0 0
0 0
0 0
0 0
0 0
0 0
0 0
0 0
0 0
0 0
0 0
0 0
0 0
0 0
0 0
0 0
0 0
0 0
0 0
0 0
0 0
1 0
0 0
0 0
0 0
0 0
0 0
0 0
0 0
0 0
0 0
0 0
0 0
0 0
0 0
0 0
0 0
0 0
0 0
0 0
0 0
0 0
0 0
0 0
0 0
0 0
0 0
0 0
0 0
0 0
0 0
0 0
0 0
0 0
0 0
0 0
0 0
0 0
0 0
0 0
0 0
0 0
0 0
0 0
0 0
0 0
0 0
0 0
0 0
0 0
0 0
0 0
0 0
0 0
0 0
0 0
0 0
1 0
0 0
0 0
0 0
0 0
0 0
0 0
0 0
0 0
0 0
0 0
0 0
0 0
0 0
0 0
0 0
0 0
0 0
0 0
0 0
0 0
0 0
0 0
0 0
0 0
1 0
0 0
0 0
0 0
0 0
0 0
0 0
0 0
0 0
0 0
0 0
1023 1
1023 13
1023 25
1023 37
1023 48
1023 59
1023 70
1023 80
1023 91
1023 102
1023 112
1023 123
1023 133
1023 144
1023 153
1023 163
1023 172
1023 183
1023 191
1023 201
1023 210
1023 221
1023 228
1023 237
1023 246
1023 256
1023 263
1023 272
1023 280
1023 290
1023 296
1023 304
1023 313
1023 322
1023 328
1023 336
1023 344
1023 353
1023 358
1023 366
1023 375
1023 382
1023 387
1023 395
1023 402
1023 411
1023 416
1023 422
1023 430
1023 438
1023 441
1023 449
1023 455
1023 464
1023 467
1023 472
1023 481
1023 488
1023 490
1023 497
1023 504
1023 511
1023 514
1023 519
1023 526
1023 534
1023 535
1023 541
1023 549
1023 554
1023 556
1023 562
1023 568
1023 575
1023 575
1023 582
1023 588
1023 594
1023 596
1023 601
1023 607
1023 613
1023 613
1023 619
1023 626
1023 630
1023 631
1023 637
1023 642
1023 647
1023 648
1023 652
1023 659
1023 663
1023 663
1023 669
1023 674
1023 678
1023 679
1023 683
1023 690
1023 693
1023 693
1023 699
1023 703
1023 707
1023 709
1023 711
1023 718
1023 722
1023 719
1023 725
1023 732
1023 733
1023 734
1023 738
1023 743
1023 747
1023 745
1023 749
1023 756
1023 757
1023 758
1023 761
1023 767
1023 770
1023 767
1023 772
1023 779
1023 779
1023 778
1023 784
1023 788
1023 790
1023 790
1023 793
1023 799
1023 800
1023 798
1023 804
1023 807
1023 808
1023 808
1023 811
1023 819
1023 817
1023 816
1023 822
1023 826
1023 827
1023 827
1023 829
1023 835
1023 835
1023 833
1023 838
1023 844
1023 842
1023 843
1023 845
1023 851
1023 850
1023 848
1023 853
1023 858
1023 856
1023 857
1023 860
1023 865
1023 865
1023 862
1023 866
1023 874
1023 870
1023 870
1023 875
1023 878
1023 877
1023 877
1023 879
1023 885
1023 882
1023 881
1023 887
1023 890
1023 889
1023 889
1023 890
1023 897
1023 894
1023 892
1023 897
1023 901
1023 899
1023 900
1023 901
1023 906
1023 906
1023 903
1023 907
1023 912
1023 909
1023 909
1023 911
1023 915
1023 915
1023 912
1023 916
1023 921
1023 918
1023 918
1023 920
1023 924
1023 924
1023 921
1023 924
1023 931
1023 926
1023 926
1023 929
1023 933
1023 932
1023 929
1023 931
1023 937
1023 934
1023 933
1023 936
1023 939
1023 940
1023 936
1023 938
1023 945
1023 941
1023 939
1023 944
1023 947
1023 945
1023 945
1023 944
1023 950
1023 949
1023 945
1023 950
1023 953
1023 951
1023 950
1023 951
1023 956
1023 955
1023 951
1023 956
1023 960
1023 957
1023 956
1023 957
1023 961
1023 962
1023 957
1023 960
1023 967
1023 961
1023 960
1023 964
1023 967
1023 965
1023 962
1023 964
1023 970
1023 967
1023 964
1023 968
1023 972
1023 970
1023 966
1023 969
1023 975
1023 972
1023 967
1023 973
1023 975
1023 975
1023 972
1023 973
1023 978
1023 977
1023 972
1023 976
1023 979
1023 978
1023 975
1023 976
1023 981
1023 981
1023 976
1023 980
1023 983
1023 982
1023 979
1023 980
1023 984
1023 986
1023 979
1023 983
1023 988
1023 985
1023 983
1023 984
1023 986
1023 989
1023 982
1023 985
1023 990
1023 988
1023 984
1023 987
1023 990
1023 991
1023 985
1023 988
1023 993
1023 991
1023 987
1023 991
1023 991
1023 994
1023 991
1023 990
1023 995
1023 996
1023 989
1023 993
1023 994
1023 996
1023 992
1023 992
1023 996
1023 998
1023 991
1023 994
1023 997
1023 998
1023 995
1023 994
1023 997
1023 1002
1023 994
1023 996
1023 1001
1023 999
1023 995
1023 998
1023 1001
1023 1001
1023 995
1023 998
1023 1003
1023 999
1023 998
1023 999
1023 1003
1023 1001
1023 998
1023 1000
1023 1007
1023 998
1023 999
1023 1004
1023 1006
1023 1000
1023 1003
1023 1004
1023 1005
1023 1001
1023 1001
1023 1007
1023 1003
1023 1000
1023 1003
1023 1008
1023 1001
1023 1004
1023 1005
1023 1008
1023 1002
1023 1003
1023 1010
1023 1005
1023 1002
1023 1007
1023 1009
1023 1004
1023 1007
1023 1006
1023 1010
1023 1005
1023 1004
1023 1009
1023 1009
1023 1004
1023 1008
1023 1011
1023 1006
1023 1006
1023 1007
1023 1013
1023 1006
1023 1006
1023 1010
1023 1011
1023 1005
1023 1010
1023 1011
1023 1008
1023 1009
1023 1008
1023 1014
1023 1010
1023 1008
1023 1010
1023 1015
1023 1007
1023 1010
1023 1013
1023 1012
1023 1009
1023 1010
1023 1015
1023 1012
1023 1009
1023 1011
1023 1016
1023 1008
1023 1015
1023 1011
1023 1009
1023 1013
1023 1010
1023 1015
1023 1011
1023 1012
1023 1013
1023 1009
1023 1018
1023 1012
1023 1011
1023 1015
1023 1011
1023 1017
1023 1012
1023 1014
1023 1013
1023 1010
1023 1020
1023 1011
1023 1013
1023 1016
1023 1009
1023 1017
1023 1014
1023 1014
1023 1013
1023 1013
1023 1018
1023 1012
1023 1016
1023 1015
1023 1011
1023 1017
1023 1014
1023 1016
1023 1014
1023 1014
1023 1018
1023 1013
1023 1018
1023 1015
1023 1012
1023 1019
1023 1014
1023 1018
1023 1014
1023 1015
1023 1016
1023 1013
1023 1022
1023 1014
1023 1014
1023 1020
1023 1012
1023 1019
1023 1017
1023 1015
1023 1017
1023 1014
1023 1021
1023 1014
1023 1016
1023 1018
1023 1013
1023 1020
1023 1016
1023 1016
1023 1016
1023 1015
1023 1020
1023 1015
1023 1019
1023 1017
1023 1014
1023 1021
1023 1017
1023 1018
1023 1017
1023 1017
1023 1019
1023 1016
1023 1023
1023 1016
1023 1015
1023 1022
1023 1015
1023 1020
1023 1018
1023 1015
1023 1019
1023 1016
1023 1022
1023 1017
1023 1016
1023 1021
1023 1015
1023 1022
1023 1018
1023 1017
1023 1020
1023 1017
1023 1022
1023 1017
1023 1020
1023 1020
1023 1015
1023 1023
1023 1019
1023 1017
1023 1019
1023 1017
1023 1023
1023 1017
1023 1021
1023 1018
1023 1016
1023 1023
1023 1018
1023 1019
1023 1019
1023 1016
1023 1021
1023 1019
1023 1020
1023 1017
1023 1017
1023 1023
1023 1016
1023 1021
1023 1020
1023 1016
1023 1021
1023 1018
1023 1023
1023 1018
1023 1018
1023 1023
1023 1016
1023 1023
1023 1019
1023 1017
1023 1021
1023 1018
1023 1023
1023 1018
1023 1020
1023 1020
1023 1016
1023 1023
1023 1018
1023 1017
1023 1022
1023 1016
1023 1023
1023 1020
1023 1020
1023 1020
1023 1016
1023 1023
1023 1018
1023 1020
1023 1021
1023 1016
1023 1023
1023 1020
1023 1020
1023 1019
1023 1018
1023 1023
1023 1018
1023 1022
1023 1020
1023 1017
1023 1023
1023 1020
1023 1021
1023 1018
1023 1020
1023 1023
1023 1017
1023 1023
1023 1019
1023 1017
1023 1023
1023 1019
1023 1023
1023 1020
1023 1018
1023 1023
1023 1019
1023 1023
1023 1019
1023 1018
1023 1023
1023 1017
1023 1023
1023 1020
1023 1018
1023 1021
1023 1019
1023 1023
1023 1019
1023 1022
1023 1022
1023 1016
1023 1023
1023 1022
1023 1020
1023 1021
1023 1020
1023 1023
1023 1019
1023 1023
1023 1020
1023 1018
1023 1023
1023 1019
1023 1022
1023 1021
1023 1019
1023 1023
1023 1020
1023 1023
1023 1019
1023 1019
1023 1023
1023 1018
1023 1022
1023 1021
1023 1018
1023 1023
1023 1019
1023 1023
1023 1020
1023 1019
1023 1023
1023 1019
1023 1023
1023 1022
1023 1019
1023 1023
1023 1020
1023 1023
1023 1020
1023 1022
1023 1022
1023 1018
1023 1023
1023 1020
1023 1019
1023 1023
1023 1020
1023 1023
1023 1020
1023 1022
1023 1020
1023 1018
1023 1023
1023 1020
1023 1020
1023 1022
1023 1018
1023 1023
1023 1021
1023 1022
1023 1020
1023 1019
1023 1023
1023 1020
1023 1022
1023 1022
1023 1017
1023 1023
1023 1022
1023 1022
1023 1019
1023 1021
1023 1023
1023 1018
1023 1023
1023 1020
1023 1018
1023 1023
1023 1020
1023 1023
1023 1020
1023 1020
1023 1023
1023 1018
1023 1023
1023 1020
1023 1019
1023 1023
1023 1018
1023 1023
1023 1021
1023 1020
1023 1022
1023 1020
1023 1023
1023 1019
1023 1021
1023 1023
1023 1017
1023 1023
1023 1023
1023 1020
1023 1021
1023 1021
1023 1023
1023 1019
1023 1023
1023 1021
1023 1018
1023 1023
1023 1021
1023 1023
1023 1022
1023 1019
1023 1023
1023 1021
1023 1023
1023 1019
1023 1019
1023 1023
1023 1019
1023 1023
1023 1022
1023 1019
1023 1023
1023 1020
1023 1023
1023 1020
1023 1019
1023 1023
1023 1018
1023 1023
1023 1022
1023 1020
1023 1023
1023 1021
1023 1023
1023 1020
1023 1022
1023 1022
1023 1019
1023 1023
1023 1020
1023 1021
1023 1022
1023 1019
1023 1023
1023 1021
1023 1023
1020 1020
1020 1018
1023 1023
1018 1020
1023 1023
1021 1021
1021 1020
1022 1023
1018 1019
1023 1023
1019 1020
1022 1019
1021 1023
1018 1018
1023 1023
1021 1021
1022 1019
1020 1023
1021 1020
1023 1023
1019 1020
1023 1022
1020 1022
1018 1018
1023 1023
1018 1020
1023 1021
1021 1022
1020 1018
1022 1023
1019 1020
1023 1022
1019 1020
1020 1018
1023 1023
1018 1018
1023 1022
1020 1020
1021 1018
1021 1023
1018 1020
1023 1023
1019 1020
1021 1018
1022 1023
1017 1017
1023 1023
1021 1022
1022 1018
1019 1023
1020 1020
1023 1023
1019 1020
1023 1021
1020 1022
1018 1017
1023 1023
1018 1019
1023 1020
1021 1022
1018 1018
1023 1023
1018 1019
1023 1021
1019 1019
1018 1017
1023 1023
1018 1019
1023 1021
1020 1020
1019 1018
1021 1023
1017 1019
1023 1023
1020 1020
1020 1018
1022 1023
1016 1018
1023 1022
1020 1021
1020 1017
1019 1023
1019 1020
1023 1023
1018 1020
1023 1019
1019 1022
1017 1018
1023 1023
1019 1019
1021 1017
1020 1023
1018 1017
1023 1023
1019 1020
1023 1020
1019 1020
1018 1017
1023 1023
1018 1020
1023 1019
1020 1021
1018 1016
1022 1023
1017 1019
1023 1020
1019 1019
1019 1017
1022 1023
1017 1018
1023 1021
1020 1020
1018 1016
1019 1023
1018 1020
1023 1021
1018 1018
1021 1019
1019 1022
1016 1017
1023 1023
1018 1019
1021 1017
1019 1023
1017 1017
1023 1023
1019 1019
1021 1018
1018 1021
1018 1017
1023 1023
1017 1018
1021 1018
1020 1021
1017 1016
1021 1023
1017 1019
1023 1019
1018 1019
1018 1017
1022 1023
1017 1018
1023 1019
1020 1021
1018 1016
1021 1023
1018 1019
1022 1020
1018 1018
1020 1018
1020 1023
1015 1017
1023 1022
1018 1018
1018 1017
1020 1023
1017 1018
1023 1021
1018 1018
1020 1017
1019 1022
1016 1017
1023 1023
1018 1018
1020 1017
1019 1023
1016 1016
1022 1022
1017 1018
1020 1018
1018 1020
1017 1017
1023 1023
1017 1018
1022 1017
1019 1022
1016 1015
1022 1023
1018 1019
1021 1017
1017 1019
1019 1017
1022 1023
1016 1017
1023 1020
1018 1018
1017 1015
1021 1023
1016 1018
1023 1020
1018 1018
1017 1017
1019 1021
1016 1017
1023 1020
1017 1017
1018 1015
1019 1022
1016 1017
1022 1021
1018 1018
1019 1017
1019 1022
1016 1017
1023 1023
1017 1017
1019 1016
1019 1023
1015 1015
1022 1022
1019 1019
1020 1016
1017 1021
1017 1017
1021 1022