259 260 10e-3
259 259
259 259
259 258
260 260
260 259
259 259
259 259
259 260
260 260
259 259
258 258
259 259
260 261
259 258
259 259
259 259
260 260
260 259
258 259
259 259
259 260
261 259
259 258
259 259
259 260
260 260
259 258
259 259
259 259
260 260
259 259
258 258
259 259
260 260
260 259
258 258
259 259
259 260
260 259
259 258
259 259
259 260
260 260
259 259
258 259
259 259
260 260
259 258
258 258
259 259
259 260
260 259
258 259
259 259
259 260
261 260
258 258
258 259
259 260
260 260
259 259
259 259
259 259
260 260
260 259
259 258
259 259
259 260
261 259
259 258
259 259
259 260
260 260
259 258
258 259
259 259
260 260
260 259
258 259
258 258
260 260
260 259
259 258
259 259
259 260
260 260
259 259
259 259
259 259
260 260
259 258
258 259
259 259
260 260
260 259
259 258
259 259
259 260
261 260
259 258
259 259
259 259
260 260
259 258
258 259
259 259
260 260
260 259
258 258
259 259
260 260
260 259
258 258
258 259
259 260
260 260
259 258
259 259
259 259
260 261
259 259
258 259
259 259
260 260
260 259
259 259
259 260
259 260
261 259
259 258
259 259
259 259
260 260
259 258
259 259
259 259
260 260
259 258
258 258
259 258
260 260
260 259
258 258
259 259
259 260
260 260
259 258
259 259
259 260
260 260
259 258
258 259
259 259
260 260
260 259
258 258
259 259
260 260
260 259
258 259
259 259
259 260
260 260
259 258
259 259
259 259
260 261
259 259
258 259
259 259
260 260
260 259
258 258
259 259
259 260
260 260
258 258
259 259
259 260
260 260
259 258
259 259
259 259
260 260
259 258
258 258
259 259
260 260
260 259
258 258
259 259
259 260
260 260
259 258
258 259
259 259
260 260
259 259
258 259
259 259
260 260
260 259
258 259
258 259
260 260
260 260
258 258
259 259
259 260
260 260
258 258
258 259
259 259
260 260
259 259
258 259
259 259
260 260
260 259
258 258
259 259
259 260
261 259
259 258
259 259
259 259
260 260
259 258
258 258
259 259
260 260
259 259
258 258
259 258
260 260
260 259
259 258
259 259
259 260
260 260
259 258
259 259
259 259
260 260
259 259
258 259
259 259
260 260
260 259
259 259
259 259
260 260
261 259
258 258
259 259
259 260
260 260
259 259
259 259
259 259
260 260
259 259
258 259
259 259
260 260
260 259
258 258
258 259
259 260
260 259
259 258
259 259
259 260
260 260
259 258
258 259
259 259
260 260
259 259
258 258
259 259
260 260
260 259
259 258
259 259
259 259
261 260
259 259
259 259
258 259
260 261
259 258
259 259
259 259
260 260
260 259
259 258
259 259
260 260
261 260
258 258
259 259
259 260
260 260
259 258
258 258
259 259
260 260
259 258
259 258
259 259
260 260
260 259
1023 266
1023 276
1023 286
1023 294
1023 301
1023 310
1023 319
1023 326
1023 334
1023 342
1023 352
1023 357
1023 365
1023 373
1023 382
1023 387
1023 394
1023 401
1023 411
1023 414
1023 422
1023 430
1023 437
1023 442
1023 448
1023 455
1023 464
1023 467
1023 473
1023 481
1023 488
1023 491
1023 498
1023 504
1023 512
1023 514
1023 520
1023 528
1023 534
1023 536
1023 543
1023 549
1023 556
1023 558
1023 563
1023 571
1023 576
1023 577
1023 583
1023 590
1023 595
1023 597
1023 603
1023 608
1023 614
1023 615
1023 621
1023 626
1023 631
1023 633
1023 638
1023 644
1023 648
1023 649
1023 655
1023 662
1023 663
1023 665
1023 671
1023 677
1023 680
1023 680
1023 686
1023 693
1023 694
1023 695
1023 700
1023 707
1023 709
1023 709
1023 714
1023 722
1023 721
1023 722
1023 728
1023 734
1023 734
1023 737
1023 740
1023 747
1023 746
1023 748
1023 753
1023 759
1023 757
1023 761
1023 764
1023 771
1023 769
1023 770
1023 775
1023 781
1023 778
1023 783
1023 786
1023 791
1023 790
1023 792
1023 797
1023 802
1023 799
1023 803
1023 807
1023 811
1023 809
1023 812
1023 817
1023 821
1023 817
1023 821
1023 826
1023 828
1023 827
1023 829
1023 833
1023 838
1023 834
1023 838
1023 843
1023 844
1023 842
1023 846
1023 850
1023 852
1023 849
1023 853
1023 859
1023 859
1023 857
1023 861
1023 865
1023 866
1023 864
1023 865
1023 872
1023 873
1023 869
1023 875
1023 879
1023 878
1023 878
1023 880
1023 884
1023 885
1023 882
1023 887
1023 891
1023 889
1023 888
1023 892
1023 896
1023 896
1023 894
1023 897
1023 903
1023 900
1023 900
1023 902
1023 906
1023 907
1023 904
1023 907
1023 913
1023 910
1023 910
1023 913
1023 916
1023 916
1023 913
1023 916
1023 922
1023 919
1023 917
1023 921
1023 926
1023 924
1023 923
1023 924
1023 931
1023 927
1023 926
1023 931
1023 934
1023 930
1023 932
1023 932
1023 938
1023 935
1023 934
1023 938
1023 942
1023 937
1023 939
1023 940
1023 945
1023 941
1023 941
1023 944
1023 950
1023 943
1023 945
1023 947
1023 951
1023 948
1023 948
1023 951
1023 956
1023 950
1023 951
1023 955
1023 957
1023 953
1023 954
1023 958
1023 960
1023 955
1023 957
1023 962
1023 961
1023 958
1023 961
1023 963
1023 966
1023 960
1023 961
1023 968
1023 965
1023 962
1023 966
1023 969
1023 968
1023 966
1023 967
1023 973
1023 970
1023 966
1023 971
1023 975
1023 971
1023 971
1023 972
1023 977
1023 974
1023 971
1023 975
1023 979
1023 974
1023 975
1023 976
1023 981
1023 977
1023 976
1023 978
1023 984
1023 978
1023 979
1023 980
1023 985
1023 981
1023 980
1023 981
1023 988
1023 980
1023 982
1023 983
1023 988
1023 984
1023 982
1023 984
1023 991
1023 983
1023 986
1023 988
1023 991
1023 986
1023 986
1023 987
1023 993
1023 986
1023 987
1023 991
1023 993
1023 987
1023 990
1023 990
1023 996
1023 989
1023 990
1023 994
1023 996
1023 989
1023 994
1023 995
1023 997
1023 992
1023 992
1023 996
1023 998
1023 991
1023 995
1023 999
1023 997
1023 994
1023 995
1023 1000
1023 998
1023 993
1023 997
1023 1001
1023 997
1023 997
1023 997
1023 1002
1023 999
1023 996
1023 999
1023 1005
1023 998
1023 999
1023 1001
1023 1003
1023 999
1023 1000
1023 1003
1023 1005
1023 998
1023 1000
1023 1006
1023 1002
1023 1000
1023 1002
1023 1007
1023 1001
1023 1002
1023 1005
1023 1007
1023 1000
1023 1003
1023 1009
1023 1003
1023 1002
1023 1005
1023 1007
1023 1003
1023 1005
1023 1006
1023 1009
1023 1003
1023 1005
1023 1011
1023 1005
1023 1004
1023 1006
1023 1010
1023 1005
1023 1006
1023 1008
1023 1011
1023 1004
1023 1005
1023 1013
1023 1007
1023 1005
1023 1009
1023 1011
1023 1006
1023 1008
1023 1010
1023 1012
1023 1006
1023 1007
1023 1014
1023 1008
1023 1007
1023 1010
1023 1014
1023 1009
1023 1010
1023 1012
1023 1014
1023 1007
1023 1009
1023 1017
1023 1010
1023 1009
1023 1011
1023 1015
1023 1009
1023 1011
1023 1013
1023 1014
1023 1011
1023 1011
1023 1012
1023 1009
1023 1015
1023 1010
1023 1013
1023 1012
1023 1010
1023 1018
1023 1011
1023 1013
1023 1015
1023 1009
1023 1016
1023 1013
1023 1013
1023 1013
1023 1010
1023 1018
1023 1012
1023 1014
1023 1014
1023 1011
1023 1017
1023 1014
1023 1015
1023 1013
1023 1012
1023 1019
1023 1012
1023 1016
1023 1015
1023 1012
1023 1018
1023 1014
1023 1015
1023 1015
1023 1013
1023 1018
1023 1013
1023 1017
1023 1015
1023 1011
1023 1021
1023 1014
1023 1014
1023 1017
1023 1013
1023 1018
1023 1014
1023 1017
1023 1015
1023 1012
1023 1021
1023 1015
1023 1016
1023 1017
1023 1014
1023 1020
1023 1016
1023 1017
1023 1015
1023 1014
1023 1022
1023 1015
1023 1017
1023 1018
1023 1013
1023 1020
1023 1017
1023 1017
1023 1016
1023 1016
1023 1021
1023 1015
1023 1020
1023 1017
1023 1014
1023 1023
1023 1017
1023 1017
1023 1017
1023 1015
1023 1020
1023 1016
1023 1020
1023 1016
1023 1014
1023 1022
1023 1017
1023 1018
1023 1019
1023 1016
1023 1022
1023 1018
1023 1020
1023 1017
1023 1015
1023 1023
1023 1016
1023 1019
1023 1019
1023 1015
1023 1021
1023 1019
1023 1020
1023 1017
1023 1018
1023 1023
1023 1016
1023 1020
1023 1019
1023 1015
1023 1022
1023 1019
1023 1020
1023 1017
1023 1016
1023 1023
1023 1017
1023 1022
1023 1018
1023 1016
1023 1023
1023 1018
1023 1021
1023 1020
1023 1018
1023 1022
1023 1018
1023 1023
1023 1018
1023 1016
1023 1023
1023 1018
1023 1022
1023 1020
1023 1016
1023 1022
1023 1018
1023 1023
1023 1017
1023 1018
1023 1023
1023 1017
1023 1023
1023 1021
1023 1018
1023 1022
1023 1018
1023 1023
1023 1019
1023 1018
1023 1023
1023 1017
1023 1023
1023 1020
1023 1017
1023 1023
1023 1019
1023 1022
1023 1019
1023 1019
1023 1023
1023 1017
1023 1023
1023 1019
1023 1017
1023 1023
1023 1018
1023 1022
1023 1020
1023 1019
1023 1023
1023 1019
1023 1023
1023 1018
1023 1019
1023 1023
1023 1018
1023 1023
1023 1021
1023 1018
1023 1023
1023 1019
1023 1023
1023 1019
1023 1020
1023 1023
1023 1017
1023 1023
1023 1021
1023 1017
1023 1023
1023 1020
1023 1023
1023 1019
1023 1021
1023 1022
1023 1017
1023 1023
1023 1020
1023 1018
1023 1023
1023 1019
1023 1023
1023 1020
1023 1020
1023 1022
1023 1018
1023 1023
1023 1019
1023 1019
1023 1023
1023 1017
1023 1023
1023 1021
1023 1020
1023 1022
1023 1019
1023 1023
1023 1018
1023 1021
1023 1023
1023 1017
1023 1023
1023 1022
1023 1019
1023 1022
1023 1021
1023 1023
1023 1019
1023 1021
1023 1023
1023 1017
1023 1023
1023 1022
1023 1019
1023 1023
1023 1019
1023 1023
1023 1020
1023 1021
1023 1023
1023 1019
1023 1023
1023 1020
1023 1019
1023 1023
1023 1019
1023 1023
1023 1021
1023 1021
1023 1021
1023 1019
1023 1023
1023 1020
1023 1020
1023 1023
1023 1018
1023 1023
1023 1022
1023 1020
1023 1023
1023 1020
1023 1023
1023 1020
1023 1021
1020 1023
1018 1018
1023 1023
1020 1021
1022 1019
1021 1023
1019 1019
1023 1023
1019 1020
1023 1021
1020 1023
1018 1018
1023 1023
1020 1020
1023 1019
1020 1023
1019 1019
1023 1023
1019 1020
1023 1021
1019 1023
1018 1018
1023 1023
1019 1020
1023 1019
1021 1023
1019 1019
1023 1023
1020 1020
1023 1020
1020 1022
1018 1017
1023 1023
1019 1020
1023 1020
1020 1023
1017 1018
1023 1023
1019 1020
1022 1018
1019 1022
1019 1018
1023 1023
1019 1020
1023 1020
1020 1023
1017 1017
1023 1023
1021 1021
1022 1018
1020 1022
1019 1019
1023 1023
1018 1019
1023 1020
1019 1022
1018 1018
1023 1023
1019 1020
1022 1018
1021 1023
1018 1018
1023 1023
1019 1019
1022 1019
1019 1022
1018 1018
1023 1023
1018 1019
1021 1018
1020 1023
1017 1017
1023 1023
1019 1019
1021 1018
1019 1023
1018 1018
1023 1023
1019 1019
1021 1018
1020 1023
1016 1017
1023 1023
1020 1020
1020 1018
1019 1022
1018 1020
1023 1023
1018 1018
1021 1019
1020 1023
1017 1018
1023 1023
1018 1019
1020 1017
1019 1022
1017 1018
1023 1023
1020 1019
1021 1018
1019 1022
1017 1017
1023 1023
1017 1017
1020 1017
1020 1023
1017 1018
1023 1023
1018 1019
1021 1018
1019 1022
1016 1018
1023 1023
1017 1018
1020 1018
1020 1023
1016 1017
1022 1022
1019 1020
1020 1017
1018 1021
1017 1018
1023 1023
1018 1018
1020 1018
1019 1023
1017 1017
1023 1023
1018 1019
1019 1017
1019 1021
1017 1018
1023 1023
1018 1019
1021 1017
1018 1021
1016 1017
1023 1023
1017 1017
1020 1017
1019 1023
1016 1017
1022 1022
1017 1019
1021 1018
1018 1020
1016 1016
1023 1023
1017 1017
1020 1016
1019 1023
1016 1016
1023 1023
1018 1019
1021 1018
1019 1022
1017 1017
1023 1023
1017 1018
1022 1018
1020 1023
1017 1019
1023 1023
1019 1020
1021 1018
1020 1023
1019 1019
1023 1023
1019 1020
1023 1020
1020 1023
1017 1017
1023 1023
1017 1018
1019 1016
1018 1022
1017 1017
1021 1022
1016 1017
1021 1018
1017 1019
1016 1016
1023 1023
1018 1018
1021 1017
1019 1022
1016 1017
1023 1023
1017 1017